63456571
63456659
63456706
63456710
63456736
63456769
63456803
63456878
63456929
63456985
63457025
63457051
63457101
63457108
63457469
63458515
63459820
63462770
63462800
63467079
63481863
63498716
63498927
34719100
51548449
62987021
62987893
62994527
63223807
63339754
63504061
63504241
63507077
63507786
63510876
63511420
63518545
63518622
63519154
63520990
63521748
63522647
63523784
63524196
63524381
63524448
63525605
63544601
63544685
63552668
63554373
63558042
63558156
63560675
63562991
63564503
63564723
63565936
63567221
63567603
63568202
63568234
63568241
63570667
63570870
63570915
63572717
63572734
63573542
63574792
63575275
63575337
63578302
63583326
63583474
63587322
63590799
63592278
63592676
63593165
63593709
63594711
63597272
63598148
63598283
63599704
63602273
63609798
63610640
63610935
63611319
63614871
63616525
63618474
63618725
63623159
63623606
63631200
63631767
63634622
63634675
63636835
63641618
63649099
63649399
63650428
63653915
63656685
63657438
63658609
63661594
63661777
63665410
63665995
63666954
1651645324
1651646948
1651647567
1651649025
1651649901
1651650505
1651651113
63682055
1651652997
1651654067
63682924
1651654663
1651656223
1651657299
1651658124
1651659526
1651660738
1651661447
1651662794
1651663726
1651664426
63686862
1651665329
1651667677
1651670567
63689149
1651672444
1651673747
1651674788
1651675568
1651676170
1651677625
1651679048
1651679737
1651681583
63693036
1651683814
1651685749
1651686658
63693766
1651688388
1651689724
1651690586
